Close
31,41
31,4
31,7
32,12
32,4
33,01
32,68
31,3
31,29
31,12
30,69
30,84
30,74
30,59
30,32
29,61
28,66
28,85
28,78
28,88
29,93
28,37
28,81
28,78
28,99
29,29
29,12
28,75
28,16
26,44
25,78
25,93
27,42
28,23
28,32
28,19
26,93
28,08
27,59
27,31
28,07
27,53
28,14
28,55
28,82
29,07
29,1
28,48
28,36
28,8
28,35
28,58
28,75
28,67
28,11
27,26
27,57
27,39
27,59
27,69
27,82
27,69
27,37
28,03
27,9
27,94
27,55
27,96
27,76
27,93
28,44
28,44
28,87
29,77
28,82
28,63
29,81
30,13
29,87
30,29
30,64
30,5
30,23
30,26
30,14
29,19
29,02
28,93
28,08
28,54
28,42
29,32
29,69
29,82
29,43
29,72
29,5
29,45
29,57
29,33
29,07
28,8
29,75
29,57
29,55
28,9
29,04
28,29
28,12
27,62
27,83
27,24
26,5
26,83
26,8
27,15
27
26,7
27,18
26,83
26,31
26,33
25,67
25,17
24,11
24,24
24,63
24,99
24,34
24,88
24,28
24,16
24,19
24,07
25,35
24,86
24,99
23,35
23,52
24,33
24,1
23,62
24,08
24,15
23,5
23,75
23,74
23,56
23,42
23,49
24,16
24,53
24,06
24,01
24,22
23,67
24,02
24,19
24,22
24,17
25,13
25,18
25,37
25,75
25,46
25,25
25,28
25,29
25,56
25,63
26,14
26,49
26,45
26,48
26,47
26,68
26,53
26,41
26,29
26,92
27,39
27,24
27,49
27,78
27,45
27,74
27,13
27,16
27,25
27,61
28,01
28,02
27,46
26,87
26,72
26,78
26,49
26,42
26,27
26,08
24,45
23,7
23,43
23,41
23,79
23,54
23,31
23,18
23,19
23,35
23,12
22,58
22,63
23,47
23,37
23,64
23,55
23,8
24,1
24,47
24,9
25,1
25,08
24,96
24,61
24,43
24,48
24,65
24,75
24,73
24,91
24,7
24,33
24,36
24,28
24,38
23,83
23,77
23,97
23,88
24,02
23,35
23,01
23,39
23,6
23,9
23,97
23,74
23,88
23,98
24,17
24,24
24,35
24,21
24,69
24,69
24,95
24,96
24,99
24,85
24,66
24,33
24,16
25,73
26,08
26,05
26,51
26,12
26,44
26,46
26,87
27,09
27,2
27
26,98
27,04
27,37
27,34
27,3
27,27
27,34
27,12
27,21
27
26,89
26,73
26,7
26,5
26,52
26,68
26,93
26,92
27,09
26,38
25,78
26,36
26,98
27,94
28,89
28,73
28,39
28,39
28,38
28,65
28,17
28,22
28,27
28,48
28,04
28,26
28,13
28,25
28,26
28,47
28,51
29,01
29,07
29,33
29,24
29,4
29,38
29,36
29,28
29,26
29,15
29,41
29,56
28,89
28,62
28,43
28,38
27,87
27,89
27,45
27,21
27,6
27,76
27,72
26,94
27,1
26,42
26,77
27,49
27,48
27,51
27,93
27,95
27,8
27,94
27,89
27,86
27,63
27,37
27,47
27,27
27,48
27,75
28,03
28,48
28,32
28,79
28,79
28,95
28,99
29,16
29,23
29,26
29,07
29,13
29,31
29,19
29,18
28,95
29,03
29
29,15
29,47
29,74
29,77
29,93
29,81
29,76
30
29,99
29,94
30
30,02
29,99
30,47
30,48
30,48
30,4
30,33
32,18
32,13
32,27
32,57
32,88
33,01
33,1
33,03
33,32
33,75
33,87
33,83
33,93
34,17
34,27
34,13
34,16
34,23
34,24
34,94
34,74
34,94
34,83
34,88
34,75
34,67
34,78
34,8
34,74
35,11
35,17
34,99
35,36
34,96
35,35
35,23
35,16
35,22
35,95
36,03
35,98
35,91
35,92
36,19
36
35,91
35,83
35,79
35,4
35,45
35,26
35,45
35,3
35,17
35,61
35,56
35,91
36,13
35,92
35,94
35,91
36,64
36,87
36,76
36,63
37,24
38,25
38,49
38,31
38,48
39,02
38,92
38,86
37,56
38,13
38,26
38,49
38,45
38,33
38,46
38,4
38,41
38,19
38,29
38,86
38,48
38,61
38,84
38,74
37,24
36,35
36,64
36,29
36,07
35,56
36,58
36,25
36,46
36,4
36,57
36,45
35,93
36,45
35,92
36
35,87
36,02
35,68
36,04
36,26
36,38
36,43
36,94
37,26
37,39
37,52
37,75
37,58
37,56
38,02
38,18
38,36
37,64
37,37
37,18
37,51
39,28
38,89
39,09
39,7
40,02
40,26
38,83
39,37
39,96
40,4
40,23
39,46
39,37
39,3
39,94
39,99
39,81
39,96
40,36
40,72
40,83
41
41,01
40,52
40,47
40,31
39,65
40,37
40,21
39,91
39,57
39,97
39,66
39,68
39,01
38,34
37,97
37,63
38,28
38,55
38,32
38,53
38,45
38,62
38,37
38,84
38,82
38,96
38,97
39,13
39
39,24
39,97
40,11
39,94
38,99
39,06
39,04
39,27
39,1
39,35
40,76
41,68
42,26
41,72
42,02
43,12
43,56
43,7
44,06
43,97
43,66
43,49
42,83
42,27
42,77
42,53
42,49
43,28
43,74
43,74
43,52
43,26
42,37
42,96
42,76
42,45
42,41
42,25
42,33
42,34
43,16
42,92
43,06
43,05
43,49
44,1
43,63
43,58
43,75
43,75
42,64
42,65
42,77
42,3
43,06
43,05
43,25
43,75
43,58
43,58
43,57
43,82
44,27
44,04
44,77
44,81
44,61
44,25
44,26
43,55
42,77
42,87
41,99
41,74
41,85
41,94
40,12
39,12
40,75
39,88
38,78
39,1
40,67
41,08
41,84
43,24
43,1
42,96
42,76
43,12
43,87
44,74
44,59
44,53
43,75
44,05
44,2
44,16
43,75
44,23
44,99
45,43
44,99
44,61
44,66
44,5
43,82
43,81
42,81
42,21
41,23
43,19
42,08
41,62
41,94
41,67
42,09
42,9
43,2
42,09
42,51
43,31
43,11
43,53
43,68
43,95
44,56
44,46
43,2
41,43
41,31
40,73
40,91
41,05
40,58
41,31
42,27
44,14
44,22
45,95
46,29
46,51
46,84
47,51
47,14
47,03
46,61
47,04
46,74
46,57
46,9
46,79
47,09
47,03
47,14
46,97
46,87
46,71
47,56
47,95
48,32
48,49
48,36
47,92
47,8
48,07
47,67
47,7
47,21
47,18
46,42
46,62
46,36
46,23
45,54
46,1
46,04
46,37
46,27
46,79
45,98
46,35
46,99
47,64
47,58
46,97
47,75
47,83
47,72
47,86
47,6
47,97
47,86
47,9
48,25
48,7
48,55
47,74
47,47
47,57
50,37
51,84
51,99
52,26
51,77
51,81
52,22
51,88
52,21
52,43
52,56
53,33
54,39
53,86
53,76
53,76
53,87
54,04
54,48
54,92
55,74
56,25
56,9
57,09
56,71
55,77
55,32
54,58
55,96
55,26
56,6
55,96
54,47
54,56
54,59
55
54,41
55,19
55,54
55,1
56,23
56,43
56,81
57,32
58,01
56,99
56,07
55,94
56,71
54,09
53,61
55,52
54,34
55,53
55,29
54
54,82
55,16
55,68
53,77
54,95
54,07
53,06
53,32
54,71
55,55
51,87
50,39
50,94
52,48
52,12
51,11
48,54
48,05
46,7
47,85
48,38
46,46
44,24
44,19
43,07
43,65
43,56
45,23
44,88
44,64
46,2
44,17
43,68
42,12
42,4
42,15
42,27
42,73
41,37
40,98
41,51
40,22
39,2
37,68
36,7
39,29
39,03
39,05
39,43
39,48
35,54
37,06
36,98
37,68
38,32
38,45
38,07
37,5
38,26
38,73
38,96
39,2
38,32
38,48
38,17
39,44
39,07
38,67
41,31
41,61
41,63
42,81
43,54
43,56
42,73
42,6
42,35
42,72
42,54
42,7
42,6
42,73
43
42,76
43,24
43,55
43,58
43,71
43,28
43,74
43,96
43,88
43,63
43,12
43,22
44,72
45,22
45,42
45,93
46,53
47
46,63
47,04
48,77
47,76
47,18
46,69
47,11
47,18
47,48
47,81
48,5
48,83
48,92
49,25
50,02
49,87
50,15
49,73
49,71
49,8
49,81
50,78
50,96
51,13
51,87
51,79
51,32
51,07
51,15
50,16
52,63
52,28
52,93
52,12
50,71
50,72
50,18
49,29
46,43
47,16
47,73
47,52
47,25
45,77
46,65
45,69
44,91
44,74
44,55
44,34
44,57
43,76
43,32
44,91
45,63
46,3
47,53
48,14
48,7
48,54
48,53
48,18
48,47
49,61
49,46
49,86
49,69
49,64
48,89
49,95
49,93
49,48
50,38
50,68
51,1
51,05
50
50,31
50,8
50,43
50,82
51,3
51,12
50,83
51,41
50,64
51,8
52,21
52,16
51,75
51,93
52,42
52,19
53,26
52,1
51
48,33
49,25
49,76
50,85
50,24
50,12
52,24
50,68
50,43
51,62
52,58
52,59
53,16
53,11
50,66
51,62
51,04
51,38
52,25
52,18
51,42
52,29
53,32
53,31
53,54
54,17
55,89
55,77
54,68
54,97
55,17
55,69
55,24
54,43
54,68
54,42
55,25
54,97
54,7
55,99
56,14
54,74
55,2
56,75
56,76
56,1
56,75
57,52
59,05
58,96
58,83
58,59
58,82
59,1
60,12
59,99
60,79
60,89
61,64
62,26
60,82
60,81
62,19
63,95
64,37
64,28
64,31
64,85
65,03
65,55
65,49
66,11
65,66
66,44
66,77
66,57
65,79
65,5
65,44
66,59
66,07
66,96
66,81
66,04
64,86
65,43
66,39
67,67
66,73
67,12
67,69
67,86
68,78
69,96
70,1
69,93
70
69,86
71
71,06
72,47
72,45
72,88
73,41
75,08
74,35
74,95
74,59
75,79
77,4
77,58
79,24
78,17
77,83
78,81
79,68
79,14
79,42
79,8
79,57
77,23
79,42
81,08
80,96
77,37
77,16
79,71
80,36
81,3
80
80,38
79,9
81,8
81,21
81,23
79,75
80,9
80,07
78,26
74,54
72,02
73,16
68,38
68,34
74,7
72,33
75,68
73,23
72,25
66,54
71,33
68,85
62,05
69,49
60,55
63,21
61,66
61,19
57,31
56,09
61,72
61,38
64,61
61,93
63,7
63,57
60,22
61,23
60,35
65,61
64,85
66,51
66,99
68,31
71,76
71,1
71,67
70,7
69,23
67,09
69,02
68,75
70,74
70,79
69,64
71,93
73,45
72,26
73,29
74,39
75,15
75,93
77,53
78,75
77,85
76,91
77,38
76,92
78,74
78,28
79,8
79,21
79,72
79,18
79,52
79,56
79,48
80,46
80,83
81,28
80,58
82,87
83,36
85,99
88,21
83,97
84,7
85,74
88,02
87,89
87,93
87,43
89,71
91,63
90,01
91,21
88,4
90,44
91,2
91,02
91,02
93,46
93,17
95,34
95,68
95,92
95,47
97,05
97,72
96,52
96,32
98,35
97
97,27
92,84
92,61
94,81
93,25
95,04
96,19
106,26
108,93
109,66
110,06
113,9
111,11
112,72
109,37
113,01
115,01
114,9
114,6
115,56
115,7
118,27
124,37
125,85
124,82
126,52
125,01
124,8
129,04
134,18
131,4
120,88
120,96
112,82
117,32
113,49
112
115,35
115,54
112,13
110,34
106,84
110,08
111,81
107,12
108,22
112,28
114,96
114,09
115,81
116,79
113,02
116,5
113,16
115,08
114,97
116,97
124,4
121,1
121,19
120,71
119,02
115,98
117,51
116,87
115,75
115,04
115,05
116,6
111,2
115,32
108,86
108,77
110,44
114,95
119,03
118,69
116,32
115,97
119,49
119,21
119,26
120,3
119,39
118,03
118,64
117,34
113,85
115,17
116,03
116,59
119,05
122,72
123,08
122,94
122,25
123,75
124,38
121,78
123,24
122,41
121,78
127,88
127,81
128,7
126,65
128,23
131,88
130,96
131,97
136,69
134,87
133,72
132,69
129,41
131,01
126,6
130,92
132,05
128,98
128,8
130,89
128,91
127,14
127,83
132,03
136,87
139,07
142,92
143,16
142,06
137,09
131,96
134,14
134,99
133,94
137,39
136,76
136,91
136,01
135,39
135,13
135,37
133,19
130,84
129,71
129,87
126
125,86
125,35
120,99
121,26
127,79
125,12
122,06
120,13
121,42
116,36
121,08
119,98
121,96
121,03
123,99
125,57
124,76
120,53
119,99
123,39
122,54
120,09
120,59
121,21
121,39
119,9
122,15
123
125,9
126,21
127,9
130,36
132,99
131,24
134,43
132,03
134,5
134,16
134,84
133,11
133,5
131,94
134,32
134,72
134,39
133,58
133,48
131,46
132,54
127,85
128,1
129,74
130,21
126,85
125,91
122,77
124,97
127,45
126,27
124,85
124,69
127,31
125,43
127,1
126,9
126,85
125,28
124,61
124,28
125,06
123,54
125,89
125,9
126,74
127,13
126,11
127,35
130,48
129,64
130,15
131,79
130,46
132,3
133,98
133,7
133,41
133,11
134,78
136,33
136,96
137,27
139,96
142,02
144,57
143,24
145,11
144,5
145,64
149,15
148,48
146,39
142,45
146,15
145,4
146,8
148,56
148,99
146,77
144,98
145,64
145,86
145,52
147,36
146,95
147,06
146,14
146,09
145,6
145,86
148,89
149,1
151,12
150,19
146,36
146,7
148,19
149,71
149,62
148,36
147,54
148,6
153,12
151,83
152,51
153,65
154,3
156,69
155,11
154,07
148,97
149,55
148,12
149,03
148,79
146,06
142,94
143,43
145,85
146,83
146,92
145,37
141,91
142,83
141,5
142,65
139,14
141,11
142
143,29
142,9
142,81
141,51
140,91
143,76
144,84
146,55
148,76
149,26
149,48
148,69
148,64
149,32
148,85
152,57
149,8
148,96
150,02
151,49
150,96
151,28
150,44
150,81
147,92
147,87
149,99
150
151
153,49
157,87
160,55
161,02
161,41
161,94
156,81
160,24
165,3
164,77
163,76
161,84
165,32
171,18
175,08
174,56
179,45
175,74
174,33
179,3
172,26
171,14
169,75
172,99
175,64
176,28
180,33
179,29
179,38
178,2
177,57
182,01
179,7
174,92
172
172,17
172,19
175,08
175,53
172,19
173,07
169,8
166,23
164,51
162,41
161,62
159,78
159,69
159,22
170,33
174,78
174,61
175,84
172,9
172,39
171,66
174,83
176,28
172,12
168,64
168,88
172,79
172,55
168,88
167,3
164,32
160,07
162,74
164,85
165,12
163,2
166,56
166,23
163,17
159,3
157,44
162,95
158,52
154,73
150,62
155,09
159,59
160,62
163,98
165,38
168,82
170,21
174,07
174,72
175,6
178,96
177,77
174,61
174,31
178,44
175,06
171,83
172,14
170,09
165,75
167,66
170,4
165,29
165,07
167,4
167,23
166,42
161,79
162,88
156,8
156,57
163,64
157,65
157,96
159,48
166,02
156,77
157,28
152,06
154,51
146,5
142,56
147,11
145,54
149,24
140,82
137,35
137,59
143,11
140,36
140,52
143,78
149,64
148,84
148,71
151,21
145,38
146,14
148,71
147,96
142,64
137,13
131,88
132,76
135,43
130,06
131,56
135,87
135,35
138,27
141,66
141,66
137,44
139,23
136,72
138,93
141,56
142,92
146,35
147,04
144,87
145,86
145,49
148,47
150,17
147,07
151
153,04
155,35
154,09
152,95
151,6
156,79
157,35
162,51
161,51
160,01
166,13
165,81
165,35
164,87
164,92
169,24
168,49
172,1
173,19
173,03
174,55
174,15
171,52
167,57
167,23
167,53
170,03
163,62
161,38
158,91
157,22
157,96
155,81
154,53
155,96
154,46
157,37
163,43
153,84
155,31
152,37
150,7
154,48
156,9
153,72
152,74
150,43
150,77
151,76
149,84
142,48
138,2
142,45
146,1
146,4
145,43
140,09
140,42
138,98
138,34
142,99
138,38
142,41
143,75
143,86
143,39
147,27
149,45
152,34
149,35
144,8
155,74
153,34
150,65
145,03
138,88
138,38
138,92
139,5
134,87
146,87
149,7
148,28
150,04
148,79
150,72
151,29
148,01
150,18
151,07
148,11
144,22
141,17
148,03
148,31
147,81
146,63
142,91
140,94
142,65
142,16
144,49
145,47
143,21
136,5
134,51
132,37
132,3
135,45
132,23
131,86
130,03
126,04
129,61
129,93
125,07
126,36
125,02
129,62
130,15
130,73
133,49
133,41
134,76
135,94
135,21
135,27
137,87
141,11
142,53
141,86
143,96
145,93
143
144,29
145,43
150,82
154,5
151,73
154,65
151,92
150,87
151,01
153,85
153,2
155,33
153,71
152,55
148,48
148,91
149,4
146,71
147,92
147,41
145,31
145,91
151,03
153,83
151,6
152,87
150,59
148,5
150,47
152,59
152,99
155,85
155
157,4
159,28
157,83
158,93
160,25
158,28
157,65
160,77
162,36
164,9
166,17
165,63
163,76
164,66
162,03
160,8
160,1
165,56
165,21
165,23
166,47
167,63
166,65
165,02
165,33
163,77
163,76
168,41
169,68
169,59
168,54
167,45
165,79
173,57
173,5
171,77
173,55
173,75
172,57
172,07
172,07
172,69
175,05
175,16
174,2
171,56
171,84
172,99
175,43
177,3
177,25
180,09
180,95
179,58
179,21
177,82
180,57
180,96
183,79
183,31
183,95
186,01
184,92
185,01
183,96
187
186,68
185,27
188,06
189,25
189,59
193,97
192,46
191,33
191,81
190,68
188,61
188,08
189,77
190,54
190,69
193,99
193,73
195,1
193,13
191,94
192,75
193,62
194,5
193,22
195,83
196,45
195,6
192,58
191,17
181,99
178,85
179,8
178,19
177,97
177,79
179,46
177,45
176,57
174
174,49
175,84
177,23
181,12
176,38
178,61
180,19
184,12
187,65
187,87
189,46
189,7
182,91
177,56
178,18
179,36
176,3
174,21
175,74
175,01
177,97
179,07
175,49
173,93
174,79
176,08
171,96
170,43
170,69
171,21
173,75
172,4
173,66
174,91
177,49
178,99
178,39
179,8
180,71
178,85
178,72
177,15
175,84
175,46
172,88
173
173,44
171,1
166,89
168,22
170,29
170,77
173,97
177,57
176,65
179,23
181,82
182,89
182,41
186,4
184,8
187,44
188,01
189,71
189,69
191,45
190,64
191,31
189,97
189,79
190,4
189,37
189,95
191,24
189,43
193,42
192,32
194,27
195,71
193,18
194,71
197,96
198,11
197,57
195,89
196,94
194,83
194,68
193,6
193,05
193,15
193,58
192,53
185,64
184,25
181,91
181,18
185,56
185,14
186,19
185,59
185,92
183,63
182,68
188,63
191,56
193,89
195,18
194,5
194,17
192,42
191,73
188,04
184,4
186,86
185,85
187,68
189,3
189,41
188,32
188,85
187,15
185,04
184,15
183,86
182,31
181,56
182,32
184,37
182,52
181,16
182,63
181,42
180,75
179,66
175,1
170,12
169,12
169
170,73
172,75
173,23
171,13
173
172,62
173,72
176,08
178,67
171,37
172,28
170,85
169,71
173,31
171,48
170,03
168,84
169,65
168,82
169,58
168,45
169,67
167,78
175,04
176,55
172,69
169,38
168
167,04
165
165,84
166,9
169,02
169,89
169,3
173,5
170,33
169,3
173,03
183,38
181,71
182,4
182,74
184,57
183,05
186,28
187,43
189,72
189,84
189,87
191,04
192,35
190,9
186,88
189,98
189,99
190,29
191,29
192,25
194,03
194,35
195,87
194,48
196,89
193,12
207,15
213,07
214,24
212,49
216,67
214,29
209,68
207,49
208,14
209,07
213,25
214,1
210,62
216,75
220,27
221,55
226,34
227,82
228,68
232,98
227,57
230,54
234,4
234,82
228,88
224,18
224,31
223,96
225,01
218,54
217,49
217,96
218,24
218,8
222,08
218,36
219,86
209,27
207,23
209,82
213,31
216,24
217,53
221,27
221,72
224,72
226,05
225,89
226,51
226,4
224,53
226,84
227,18
228,03
226,49
229,79
229
222,77
220,85
222,38
220,82
220,91
220,11
222,66
222,77
222,5
216,32
216,79
220,69
228,87
228,2
226,47
227,37
226,37
227,52
227,79
233
226,21
226,78
225,67
226,8
221,69
225,77
229,54
229,04
227,55
231,3
233,85
231,78
232,15
235
236,48
235,86
230,76
230,57
231,41
233,4
233,67
230,1
225,91
222,91
222,01
223,45
222,72
227,48
226,96
224,23
224,23
225,12
228,22
225
228,02
228,28
229
228,52
229,87
232,87
235,06
234,93
237,33
239,59
242,65
243,01
243,04
242,84
246,75
247,77
246,49
247,96
248,13
251,04
253,48
248,05
249,79
254,49
255,27
258,2
259,02
255,59
252,2
250,42
243,85
243,36
245
242,21
242,7
236,85
234,4
233,28
237,87
228,26
229,98
222,64
223,83
223,66
222,78
229,86
238,26
239,36
237,59
236
228,01
232,8
232,47
233,22
227,63
227,65
232,62
236,87
241,53
244,6
244,47
244,87
245,83
245,55
247,1
247,04
240,36
237,3
241,84
238,03
235,93
235,74
235,33
239,07
227,48
220,84
216,98
209,68
213,49
214
212,69
215,24
214,1
218,27
220,73
223,75
221,53
223,85
217,9
222,13
223,19
223,89
203,19
188,38
181,46
172,42
198,85
190,42
198,15
202,52
202,14
194,27
196,98
193,16
199,74
204,6
208,37
209,28
210,14
211,21
212,5
213,32
205,35
198,89
198,51
196,25
197,49
198,53
210,79
212,93
212,33
211,45
211,26
208,78
206,86
202,09
201,36
195,27
200,21
200,42
199,95
200,85
201,7
203,27
202,82
200,63
203,92
201,45
202,67
198,78
199,2
196,45
198,42
195,64
196,58
201
201,5
200,3
201,56
201
201,08
205,17
207,82
212,44
213,55
209,95
210,01
211,14
212,41
211,16
208,62
